$ANSIBLE_VAULT;1.1;AES256
32373662643365323937373333653338336435333238663732626566646439636337333533313038
6637393964373763366462626664363962383133643266640a303332643631323838326439376664
38363634393661336133613861623864373630666138383537366661626131316435396266656362
6133326333623465390a326636646430656237323838373065346333396439633036316436643163
61346133386137383933383566623930383336376665613830373334633537313630393061646637
65613735663264393232623332396263663538313030356261633233656638353265373731363932
31323563393831633637376363313834363761376263366537373639323865373366616464343263
33383664393266316430316535353637303566356333306334383130653466393765366233343932
36303662326363393766323564386165366431396461306639626537366261376366326331393566
31303936386635626533346239363135653137653530616432323066663036626134303335313630
35396361636330323764636165396235313138346361383064653031326538383631633239323837
61656566626161623265346166633834356664623062323462383366646565356361336364323961
66336633353532393833363462656432613133313433356434313263613861393762653461376239
38663064623933333666343239373831316138336564376464326139646566386630303032313563
34363862326566343661646566663766616662306136306564323830393866663363633431653436
63323630386463616266616363646166333633613631666233666135346465633532633634373766
30633731336334356466343637326134396336346438626232326630366130623232353839313235
34316237326530386562623035366231646233636136373730393035656563363036333063313436
39393038353238316335613533663166633337643939343233643363333237666132613136333437
61303133366563303861326434376266306432656564656236313734346333663564326630346535
63363337323932343561613462343632366166326337613865373461643465383034663537656236
37623664306132663463626433646238643037373034316430646164303838663463626330623531
32333066666338373631346233303763323232323732656565363631643638343137306366336234
66316231303733373765
